1 309 1
1 458 5
1 396 2
1 138 5
1 53 4
1 146 3
1 206 4
1 118 1
2 227 3
2 234 2
2 298 5
2 320 2
2 246 1
2 53 5
3 495 3
3 301 3
3 54 4
3 154 2
3 269 5
3 453 4
3 483 2
3 111 2
4 179 5
4 243 2
4 155 1
4 329 1
4 402 2
4 210 5
4 202 2
5 441 3
5 9 3
5 19 5
5 198 4
5 450 4
5 387 1
5 126 4
5 100 2
6 480 3
6 470 3
6 54 3
6 227 4
6 63 2
6 59 5
6 189 1
7 290 1
7 399 4
7 199 4
7 451 5
7 88 3
7 184 2
7 472 3
8 443 2
8 292 3
8 232 1
8 416 5
8 442 2
9 486 3
9 326 5
9 319 5
9 61 1
9 386 1
9 81 4
10 213 1
10 200 4
10 306 2
10 166 3
10 18 5
10 124 5
10 460 1
10 307 1
10 370 4
11 272 2
11 182 4
11 336 5
11 456 2
11 78 3
11 401 3
12 339 2
12 52 3
12 322 2
12 395 3
12 393 1
12 496 5
12 276 5
12 447 2
13 327 2
13 169 2
13 118 4
13 469 1
13 379 1
13 106 1
13 54 4
13 382 3
13 145 2
14 253 1
14 194 4
14 359 3
14 151 5
14 176 5
14 216 3
14 377 1
14 183 1
14 441 5
15 36 5
15 305 5
15 288 5
15 485 1
15 381 2
15 342 1
15 165 5
15 116 4
15 337 3
15 51 3
15 497 3
16 326 2
16 192 4
16 390 4
16 357 1
16 418 1
17 481 5
17 288 3
17 459 3
17 281 4
18 460 2
18 33 5
18 484 1
18 447 4
18 407 2
18 337 5
19 38 2
19 206 4
19 45 5
19 181 1
19 101 2
19 199 1
19 104 5
19 265 4
20 496 5
20 408 5
20 56 2
20 51 3
20 469 3
20 426 3
20 355 1
20 290 2
21 450 5
21 82 2
21 94 4
21 40 5
21 265 1
21 424 2
22 306 5
22 108 1
22 58 2
22 258 5
22 38 2
22 390 3
22 216 4
22 114 5
22 240 1
23 55 5
23 232 1
23 35 3
23 426 3
23 362 1
23 397 1
23 160 4
23 104 3
23 205 4
24 335 4
24 119 5
24 163 4
24 313 5
24 207 1
24 314 1
24 198 3
25 404 1
25 164 4
25 180 5
25 71 5
25 420 4
25 475 5
25 445 4
25 449 3
26 118 1
26 51 2
26 228 5
26 194 4
26 37 2
27 170 4
27 31 4
27 55 4
27 373 3
27 157 5
27 199 3
27 184 3
27 303 2
27 398 4
27 408 4
28 485 1
28 337 3
28 216 2
28 77 2
28 159 3
28 378 1
28 369 5
28 440 2
29 151 5
29 223 3
29 268 1
29 456 1
29 103 5
29 293 2
30 261 4
30 120 1
30 109 4
30 222 5
30 411 4
30 199 2
30 448 4
30 145 3
30 132 5
31 441 1
31 131 5
31 65 5
31 220 4
32 216 5
32 236 3
32 64 4
32 132 1
32 341 5
32 458 4
32 56 3
33 168 4
33 199 2
33 204 2
33 208 4
33 73 4
33 342 5
33 249 5
34 254 4
34 477 1
34 383 5
34 97 2
34 403 5
34 476 1
34 280 5
34 424 2
34 266 3
35 97 2
35 291 3
35 207 2
35 186 4
35 352 2
35 460 1
35 103 4
35 194 5
35 365 4
35 138 2
35 188 5
36 257 4
36 156 3
36 350 5
36 475 2
36 84 5
36 495 1
36 265 3
37 402 2
37 261 2
37 450 3
37 286 3
37 323 3
37 60 2
37 252 4
37 187 3
37 333 5
37 437 3
37 382 1
38 297 1
38 125 1
38 366 2
38 75 4
38 111 3
38 336 1
39 463 1
39 172 4
39 163 5
39 477 5
39 460 5
39 391 1
39 234 3
39 413 4
39 330 2
40 265 2
40 193 5
40 353 4
40 81 4
40 394 5
40 302 5
40 468 5
40 270 3
41 321 1
41 42 1
41 202 2
41 248 3
41 266 3
41 466 4
42 456 2
42 284 1
42 227 1
42 264 5
42 497 2
42 163 2
42 101 1
42 86 4
43 90 3
43 81 1
43 243 1
43 392 5
43 449 5
43 496 4
43 151 4
43 203 3
44 464 5
44 271 3
44 195 3
44 433 5
44 101 1
45 431 5
45 148 3
45 385 3
46 436 2
46 149 3
46 238 4
46 278 2
46 427 2
47 107 2
47 238 5
47 294 2
47 269 3
47 57 2
47 267 1
47 271 4
47 211 1
48 249 2
48 72 3
48 449 4
48 150 4
48 66 5
48 481 4
48 434 4
48 63 2
49 210 1
49 76 4
49 153 3
49 143 1
49 242 4
49 191 3
49 378 2
50 276 5
50 115 3
50 326 5
50 137 3
50 456 3
50 421 1
50 96 1
51 286 2
51 125 5
51 116 2
51 193 1
51 312 5
52 495 5
52 221 4
52 346 4
52 281 1
52 385 3
52 62 2
53 273 2
53 153 2
53 168 4
53 176 2
53 495 1
53 97 2
54 406 1
54 245 3
54 262 2
54 416 2
54 486 3
54 489 1
54 397 1
54 232 2
55 233 2
55 407 5
55 405 5
55 417 1
55 354 2
55 275 1
55 153 5
56 106 5
56 88 4
56 99 5
56 402 5
56 136 4
56 231 1
56 225 1
56 498 3
56 279 1
57 92 1
57 107 5
57 184 3
58 117 2
58 98 1
58 99 5
58 74 4
58 494 5
58 123 5
58 396 2
59 248 4
59 219 3
59 464 5
59 377 1
59 74 5
60 155 2
60 360 2
60 310 2
60 388 1
60 400 2
61 324 1
61 397 4
61 132 2
62 152 3
62 161 3
62 234 1
62 280 5
62 415 4
62 471 3
62 487 3
62 409 3
62 139 5
62 286 1
62 424 4
62 63 5
62 125 3
63 424 4
63 388 4
63 309 5
63 183 4
63 281 5
64 204 1
64 196 2
64 388 3
64 355 4
64 195 3
64 82 3
64 126 1
64 409 1
64 175 4
64 161 2
64 264 2
65 472 2
65 208 5
65 411 5
65 215 3
65 357 4
65 493 5
65 95 2
65 304 5
65 300 3
66 459 1
66 382 3
66 452 4
66 498 4
66 293 2
66 251 4
66 466 2
66 140 2
67 263 3
67 203 3
67 353 3
67 216 4
67 334 2
67 265 3
67 335 2
68 201 1
68 78 5
68 108 1
68 463 4
68 418 2
68 275 5
68 483 3
68 160 5
68 192 4
68 477 5
69 189 5
69 155 2
69 212 5
69 440 4
69 221 5
70 497 1
70 354 5
70 385 2
70 218 1
70 322 5
70 280 1
70 96 3
71 313 5
71 295 3
71 121 2
71 329 4
71 269 1
71 90 5
71 390 1
72 277 3
72 129 5
72 180 5
72 290 1
72 255 1
72 270 2
73 315 3
73 344 1
73 479 1
73 297 5
73 430 1
74 172 1
74 300 5
74 475 3
74 358 1
74 451 1
74 441 4
74 190 3
74 395 4
74 436 5
74 253 3
75 246 4
75 102 1
75 396 4
75 480 4
75 180 3
75 371 4
76 342 1
76 380 4
76 214 1
76 389 4
76 135 4
76 397 3
76 291 1
76 496 5
76 286 2
76 166 4
76 280 4
77 382 2
77 400 5
77 498 2
77 379 1
77 450 5
77 288 1
78 118 1
78 293 5
78 381 5
78 212 2
78 243 1
78 433 2
78 167 1
78 417 2
79 349 3
79 80 2
79 308 4
79 460 4
79 383 4
79 86 3
79 158 5
79 391 1
80 285 5
80 279 5
80 261 2
80 106 4
80 95 1
81 202 3
81 318 4
81 449 1
81 235 1
81 140 3
81 456 5
82 294 2
82 181 1
82 424 2
82 442 4
82 494 5
83 159 4
83 222 5
83 250 3
83 441 2
83 491 1
83 329 2
84 286 5
84 114 2
85 123 3
85 454 4
85 356 4
85 460 4
85 173 4
85 99 3
85 144 3
85 259 2
86 499 5
86 106 5
86 249 5
86 348 3
86 450 5
86 224 1
87 224 5
87 350 4
87 142 3
87 355 2
87 148 5
88 147 1
88 344 5
88 210 4
88 153 4
88 379 1
88 90 1
88 312 2
88 282 5
89 478 4
89 303 3
89 248 2
89 342 1
89 210 1
89 200 2
90 360 4
90 206 3
90 249 1
90 354 1
91 448 2
91 353 2
91 95 3
91 307 1
91 395 4
92 184 3
92 242 4
92 164 3
92 390 1
92 154 3
92 128 3
93 489 3
93 94 2
93 376 4
93 313 3
93 460 3
94 376 2
94 341 1
94 149 5
94 495 2
94 96 2
94 255 3
94 167 4
94 489 3
94 482 3
95 341 3
95 378 5
95 107 1
96 296 2
96 159 2
97 199 1
97 141 1
97 423 1
97 129 1
97 477 2
97 446 3
97 111 1
97 114 4
97 244 3
98 289 2
98 166 1
98 422 4
98 285 1
98 274 3
98 447 5
98 448 5
99 353 5
99 154 1
99 251 2
99 124 5
99 367 4
99 335 3
100 334 1
100 329 5
100 432 5
100 419 3
101 226 1
101 275 2
101 266 2
101 416 4
101 330 2
101 457 2
101 230 1
101 238 2
102 259 3
102 235 1
102 127 1
102 115 2
102 431 2
103 316 4
103 140 5
103 193 2
103 191 1
103 293 1
103 431 1
103 457 2
104 374 3
104 395 4
104 349 3
104 213 4
104 323 4
104 210 2
105 365 3
105 418 2
105 132 2
105 449 3
105 272 4
105 460 4
106 421 2
106 302 5
106 495 1
106 396 4
107 181 2
107 372 3
107 149 3
108 390 3
108 318 3
108 348 4
108 458 4
108 222 4
109 288 3
109 371 5
109 322 5
109 392 2
109 459 4
109 242 1
110 355 1
110 278 4
110 227 2
110 351 3
110 498 1
111 280 5
111 249 2
111 157 3
111 390 2
111 191 1
111 373 5
111 392 3
111 303 4
112 197 1
112 246 1
112 168 1
112 398 3
112 324 2
112 311 1
112 139 2
112 337 3
113 446 4
113 158 4
113 114 1
113 171 2
113 202 1
113 186 1
114 230 4
114 259 5
114 182 2
114 167 4
114 326 3
114 249 3
115 131 2
115 427 5
115 457 2
115 488 3
115 227 1
116 229 4
116 493 4
116 439 5
116 137 2
116 319 4
116 215 5
117 350 3
117 364 4
117 128 5
117 135 4
117 280 4
117 201 1
118 384 4
118 288 4
118 139 3
118 188 3
119 480 4
119 134 3
119 341 1
119 459 5
119 339 3
119 236 2
120 361 4
120 213 3
120 476 3
120 309 3
121 401 1
121 374 1
121 409 1
121 221 2
121 151 2
121 239 4
121 144 1
121 185 2
122 193 4
122 364 4
122 214 5
122 139 5
122 294 1
122 339 5
123 142 4
123 288 2
123 197 1
123 211 3
123 154 5
124 430 5
124 366 4
124 333 3
124 374 5
124 407 1
124 495 4
124 379 3
125 298 5
125 433 5
125 406 3
125 440 4
126 471 1
126 434 2
126 286 4
126 441 3
127 385 3
127 393 2
127 422 5
127 468 2
127 306 3
128 317 5
128 334 2
128 190 3
128 145 1
128 411 4
128 176 3
129 398 5
129 251 5
129 387 2
129 403 3
129 354 4
129 282 3
130 414 4
130 227 3
130 262 2
130 322 4
131 189 3
131 466 1
131 468 4
131 433 4
131 253 5
132 328 2
132 398 3
132 457 4
132 254 4
132 452 5
133 260 3
133 244 5
133 281 5
133 311 2
133 277 1
134 375 2
134 139 4
134 311 5
134 136 3
134 435 3
135 388 1
135 452 3
135 353 4
135 393 3
135 392 3
135 253 2
135 136 5
135 260 4
135 183 5
136 469 1
136 368 5
136 189 4
136 426 1
136 289 4
136 145 5
137 427 1
137 447 1
137 486 2
137 166 5
137 478 3
137 404 2
137 343 3
138 421 5
138 438 4
138 443 5
138 265 4
138 457 4
138 469 3
138 495 1
138 452 4
139 379 3
139 184 1
139 143 5
139 370 1
139 265 2
140 440 3
140 406 3
140 217 5
140 256 3
140 488 2
141 173 2
141 343 3
141 430 5
142 252 2
142 454 4
142 451 3
142 245 4
142 217 5
142 303 4
143 358 3
143 228 5
143 300 1
143 179 4
143 386 5
143 232 3
143 471 4
144 493 4
144 340 1
144 473 1
144 306 3
144 265 3
145 303 3
145 218 2
145 386 1
145 256 1
145 154 1
145 269 4
145 241 3
145 237 3
145 279 4
145 450 4
146 178 3
146 423 5
146 215 1
146 207 3
146 251 4
146 185 3
146 399 3
146 212 1
146 338 2
147 459 4
147 290 3
147 299 1
147 268 1
147 262 4
148 386 3
148 498 1
148 350 2
148 438 1
149 411 3
149 478 3
149 178 5
149 331 5
149 294 2
149 313 2
150 304 1
150 237 5
150 223 3
150 211 1
150 231 2
150 251 4
150 469 2
151 215 2
151 332 1
151 225 4
151 233 1
151 475 3
151 335 5
151 447 3
151 188 4
151 471 5
152 368 2
152 260 4
152 353 2
152 470 4
152 219 5
152 267 3
152 288 4
152 472 1
152 222 1
152 371 5
152 493 5
152 226 5
153 167 3
153 412 4
154 468 1
154 291 3
154 496 5
155 320 2
155 217 3
155 216 3
155 407 1
155 460 4
155 418 2
156 305 2
156 180 3
156 213 5
156 165 5
156 480 5
156 328 4
157 167 4
157 166 1
157 237 1
157 184 4
157 264 5
157 219 2
157 275 5
158 306 4
158 289 5
158 264 2
158 359 4
158 284 4
158 241 1
158 475 4
158 499 2
159 204 3
159 397 1
159 236 2
160 185 1
160 190 1
160 209 3
160 482 4
160 304 3
160 169 2
160 305 1
160 298 2
161 253 4
161 209 2
161 464 1
161 203 4
161 205 5
162 319 3
162 233 5
162 390 4
162 250 1
162 289 3
162 200 2
162 363 3
162 230 1
163 176 4
163 425 1
163 455 5
163 451 2
163 453 5
163 196 3
163 497 2
163 344 3
164 463 5
164 250 1
164 357 2
164 421 2
165 483 5
165 413 4
165 476 1
165 407 1
165 326 5
165 472 5
165 456 3
166 170 4
166 180 1
166 334 4
166 220 4
167 466 5
167 447 3
167 248 1
167 184 1
167 472 4
167 483 2
167 425 3
167 222 1
168 302 2
168 453 1
168 314 1
168 349 4
168 474 1
169 403 4
169 444 5
169 449 1
169 273 5
170 488 2
170 481 3
170 211 5
170 215 1
170 408 5
171 432 4
171 461 5
171 489 1
171 334 2
171 242 5
171 305 2
171 196 1
171 346 3
171 327 4
171 177 3
171 208 3
172 488 3
172 476 3
172 383 2
172 344 1
172 402 4
172 472 2
172 382 3
172 389 4
172 480 3
172 414 5
172 249 5
173 405 1
173 362 1
173 488 3
173 457 5
173 415 2
174 192 1
174 322 4
174 360 2
175 411 1
175 348 3
175 293 4
175 386 1
175 340 5
175 271 3
176 269 3
176 479 2
176 305 3
176 401 5
176 394 4
176 439 3
176 291 5
176 379 2
177 391 2
177 367 3
177 273 5
177 181 2
177 353 4
177 469 5
178 408 2
178 217 1
179 423 3
179 328 4
179 492 2
179 381 1
179 238 4
180 240 1
180 217 3
180 306 5
180 318 4
180 258 2
180 289 5
180 361 2
181 340 3
181 195 3
181 246 4
181 323 5
181 186 2
182 377 5
182 481 1
182 189 2
182 223 1
183 455 1
183 235 3
183 322 4
184 500 4
184 204 5
184 316 1
184 287 4
184 375 2
184 230 4
185 212 2
185 474 1
186 457 5
186 215 5
186 389 5
186 338 5
186 213 5
186 396 3
186 469 3
186 436 1
187 200 5
187 431 5
187 285 2
187 312 5
188 217 3
188 263 1
188 224 4
188 410 4
188 315 1
188 451 3
189 447 2
190 499 1
190 388 3
190 306 3
190 415 3
190 486 2
191 311 1
191 220 2
191 262 1
191 333 4
191 390 1
191 249 5
191 357 5
192 453 2
192 333 4
193 254 4
194 369 1
194 253 2
194 299 5
194 365 4
194 415 3
194 449 1
194 396 4
195 479 1
195 316 2
195 428 2
195 282 2
195 312 1
195 408 3
196 481 1
196 422 2
196 392 5
196 252 4
196 232 5
196 265 4
197 243 3
197 345 2
197 355 3
197 415 1
197 366 2
197 297 5
197 201 4
198 262 4
198 265 3
198 383 4
199 376 4
199 321 3
199 346 2
199 256 5
199 272 3
199 239 5
200 221 3
200 330 2
200 377 2
200 393 5
201 380 3
202 318 4
202 391 1
202 329 1
202 325 1
202 322 1
202 324 1
202 492 4
202 240 3
203 312 2
203 377 1
203 371 1
203 290 5
203 263 2
204 359 4
204 219 5
204 454 5
205 337 4
205 498 5
205 425 4
205 453 5
205 258 4
205 486 2
205 249 3
206 266 5
206 314 2
206 454 1
206 231 1
207 342 1
207 307 2
207 281 5
207 433 1
207 400 3
207 266 5
208 497 4
208 263 5
208 296 5
208 389 2
209 211 3
209 363 4
209 369 2
209 275 4
209 327 4
210 228 4
210 299 2
210 263 3
210 317 1
210 280 4
210 261 2
211 242 4
211 305 3
212 307 3
212 489 2
212 458 2
212 349 2
212 397 3
212 228 4
212 271 1
212 399 1
213 352 3
213 299 2
213 480 2
213 447 3
214 384 3
214 255 2
214 438 3
215 392 5
215 297 1
216 407 3
216 281 3
216 429 3
216 222 3
216 359 3
217 221 1
217 351 4
217 435 2
217 218 3
217 316 3
217 318 2
217 476 4
218 327 2
218 282 4
218 309 1
218 393 5
218 500 1
219 429 3
219 374 3
219 444 2
219 296 1
219 442 5
219 308 4
220 372 2
220 253 2
220 405 1
220 264 3
220 463 4
221 347 1
221 449 3
221 324 3
221 443 5
221 493 2
221 424 3
222 254 5
222 476 2
222 444 3
222 313 3
223 299 2
223 438 1
223 459 1
223 407 3
223 336 5
224 241 5
224 420 4
224 487 4
224 456 3
224 430 1
224 235 1
224 407 3
224 237 5
225 234 4
225 385 3
225 380 3
225 280 1
226 284 3
226 461 5
226 429 2
226 327 2
226 484 5
226 438 5
227 404 1
227 441 1
228 405 4
228 456 4
228 476 4
228 310 3
229 470 4
229 235 3
229 418 5
229 318 4
229 369 5
229 370 1
229 408 3
229 256 4
229 327 2
230 284 3
230 257 5
231 416 4
231 276 3
231 338 5
231 301 5
232 436 3
232 290 3
232 354 1
233 476 2
233 468 1
234 465 2
234 457 4
234 387 5
234 372 1
234 446 3
234 283 3
234 241 5
235 293 2
235 474 4
235 373 3
235 368 4
236 472 1
236 444 4
236 345 1
236 359 1
237 467 4
237 454 1
238 415 1
238 458 5
239 390 2
239 389 1
239 309 1
239 331 4
239 429 2
239 350 1
240 296 2
240 322 3
240 277 4
240 452 3
240 301 1
241 462 4
241 482 4
241 344 5
241 299 2
241 464 2
241 346 3
242 329 3
242 299 3
242 405 5
243 448 4
243 387 3
243 426 1
244 280 4
245 309 5
245 395 5
245 303 1
246 253 1
246 427 3
246 321 3
247 250 3
247 446 5
247 468 3
247 401 3
247 300 3
247 409 2
247 292 3
247 394 3
248 454 4
248 430 5
248 413 3
248 427 1
248 255 3
249 272 4
250 331 3
250 438 2
251 326 2
251 485 5
251 401 5
251 300 4
251 378 5
251 402 3
251 477 5
252 452 1
252 344 3
252 340 4
253 290 4
253 464 5
253 377 5
253 451 5
253 334 4
254 336 4
254 446 2
255 487 5
255 489 4
255 289 1
255 321 4
256 371 4
256 426 5
256 469 3
256 344 5
256 334 5
256 376 4
257 389 5
257 489 5
257 268 3
257 352 4
258 285 5
258 421 2
258 361 4
258 279 3
258 295 1
259 409 5
259 356 3
259 426 2
259 454 2
260 270 3
260 279 3
261 383 1
262 275 4
262 382 3
262 350 1
262 438 1
263 439 4
263 481 1
263 456 4
263 344 2
264 498 3
264 402 2
264 454 2
265 323 3
265 284 3
265 459 4
265 437 3
266 432 3
266 284 3
266 500 4
266 399 1
266 434 2
266 371 4
267 338 3
267 448 2
267 405 3
267 438 5
267 328 2
268 322 5
268 406 5
269 336 4
269 309 5
269 275 1
269 352 3
270 373 4
270 314 1
271 396 4
271 307 5
271 432 3
272 435 3
272 394 1
273 332 3
273 361 2
274 387 3
274 478 4
274 340 2
274 434 4
275 369 3
275 482 5
275 500 4
276 396 1
276 374 3
276 278 1
276 432 4
277 474 2
277 310 1
277 372 1
278 457 4
278 494 2
279 362 3
279 380 4
279 367 4
279 413 4
279 403 1
279 498 1
280 359 4
281 458 1
281 335 5
281 480 2
282 348 4
282 483 4
282 375 2
283 422 3
283 359 4
283 378 2
283 465 4
283 416 1
283 398 2
284 478 5
284 338 3
284 467 4
285 311 4
285 306 1
286 492 1
286 321 5
287 438 3
287 444 2
287 314 4
287 407 1
288 370 4
288 499 2
288 459 1
289 310 4
289 439 4
289 331 4
289 402 3
289 366 2
290 490 2
290 465 3
291 451 4
291 340 5
292 333 2
292 457 5
292 388 1
293 420 3
293 363 4
294 443 2
294 327 4
294 380 4
295 339 2
295 451 5
295 309 4
296 357 4
296 433 3
297 377 4
297 409 3
297 430 4
298 361 3
298 391 1
299 465 2
299 370 4
299 443 4
300 439 1
300 335 5
301 365 3
301 337 3
301 305 1
302 338 2
302 316 4
302 420 4
302 376 4
303 314 1
303 372 4
303 341 1
304 395 1
304 485 4
304 435 3
304 370 3
304 341 4
305 499 1
306 471 4
306 344 2
306 481 4
307 467 4
307 424 2
308 487 3
308 351 3
309 409 2
309 445 3
310 410 4
310 496 2
310 487 4
310 332 3
310 434 3
310 450 2
311 318 4
311 463 1
311 339 4
311 402 2
311 471 2
312 428 2
312 350 3
312 409 5
312 315 4
313 372 1
313 488 2
313 447 5
313 410 1
314 428 2
314 331 5
315 399 5
315 473 4
315 480 2
315 319 1
315 391 4
315 334 3
315 467 3
316 451 4
316 418 4
316 414 5
316 347 3
316 350 4
316 386 3
317 442 3
317 322 2
317 346 2
317 491 2
317 325 2
318 328 5
318 354 1
319 494 4
319 358 4
319 440 5
320 356 3
320 324 1
320 333 5
321 325 2
322 458 1
323 476 3
323 375 4
323 474 5
323 453 2
323 354 3
323 486 1
324 335 5
325 363 3
325 386 2
325 350 2
325 391 1
327 487 4
327 345 1
327 350 1
328 412 2
328 450 4
328 441 3
329 414 1
330 491 4
330 405 4
330 439 3
330 477 2
330 485 3
331 380 5
331 432 4
331 472 3
332 437 5
332 428 5
333 391 3
333 417 5
333 447 4
333 425 4
333 500 2
335 495 4
335 355 5
335 374 3
335 344 4
336 474 2
336 395 4
336 459 4
336 462 5
337 374 3
337 356 4
338 496 3
338 383 4
338 425 5
340 487 2
340 458 4
340 447 1
341 468 3
341 445 2
341 491 4
342 449 5
342 400 1
342 443 5
343 370 5
343 419 3
343 415 5
344 427 2
344 406 4
344 390 5
344 409 2
345 419 5
345 492 1
345 451 3
346 479 5
346 437 3
346 484 1
346 385 1
347 413 4
347 373 3
347 482 3
348 375 4
348 398 1
348 437 4
348 444 4
349 383 2
349 359 5
349 402 1
351 435 5
351 461 2
352 392 5
352 423 4
353 430 4
353 494 4
354 416 1
354 495 1
354 464 4
355 486 3
355 364 2
355 439 4
356 467 5
357 397 4
357 417 1
357 441 2
358 366 4
358 500 3
358 453 3
358 408 5
359 478 4
360 436 5
361 402 2
361 397 1
361 375 4
362 429 5
362 425 1
362 484 3
362 377 3
363 406 2
363 401 2
363 395 1
363 428 4
364 430 3
365 426 4
366 492 4
366 470 3
366 499 2
366 481 5
367 392 3
367 469 1
367 376 2
367 448 5
369 471 1
369 435 2
369 416 4
369 380 2
370 469 4
370 468 3
371 402 1
371 376 3
371 452 2
371 378 2
372 446 5
372 480 3
373 482 5
374 413 2
374 446 5
374 426 2
374 398 3
374 376 1
375 393 5
376 442 1
377 433 3
377 444 4
378 462 5
378 396 5
379 485 5
379 452 1
380 456 5
381 445 3
381 384 2
381 478 4
383 466 5
383 495 2
384 476 5
384 396 3
385 425 2
385 490 2
386 394 1
386 391 3
386 409 5
387 426 3
388 462 2
388 427 3
389 426 5
390 479 5
390 427 5
391 417 1
391 468 3
392 437 4
392 473 1
392 443 1
393 475 5
393 439 1
393 500 5
393 472 1
393 468 5
393 486 3
394 466 1
395 470 4
395 423 2
396 496 3
396 446 4
397 417 3
398 449 2
400 500 5
400 491 3
401 418 1
401 430 1
403 453 3
403 458 3
404 444 3
404 451 1
406 459 4
407 425 4
407 453 5
408 418 1
409 473 4
409 478 2
409 449 2
410 491 3
410 412 2
410 435 3
411 438 1
412 420 3
412 457 5
413 460 2
414 461 5
414 445 4
414 432 5
414 455 5
415 460 4
416 482 3
417 450 4
419 447 3
420 474 1
420 459 4
421 448 3
421 469 4
422 473 2
423 445 3
424 465 2
424 479 5
426 497 4
429 445 2
433 484 4
434 464 1
434 498 1
435 476 4
439 476 1
440 482 4
440 499 1
441 447 2
442 492 4
445 449 2
447 484 3
449 456 3
450 463 1
453 494 5
453 459 2
454 477 4
455 475 2
455 492 3
456 482 1
458 464 4
459 468 2
460 479 5
465 475 1
466 499 1
469 493 3
473 498 1
475 500 5
477 488 4
481 489 2
482 495 4
483 498 2
484 490 5
484 494 1
485 500 3
488 489 3